0.0208139
0.020271
0.0197327
0.0189701
0.01983
0.0209258
0.0205112
0.0235916
0.0205178
0.0190935
0.018666
0.0190327
0.0217955
0.0211862
0.0191208
0.0201195
0.0211772
0.0204338
0.0257952
0.0183855
0.0187345
0.0422083
0.0187922
0.0184575
0.0201221
0.0198801
0.026613
0.0190766
0.0225267
0.0185102
0.0193753
0.0184964
0.0180922
0.0188431
0.0184455
0.0181492
0.0181167
0.0192169
0.0194833
0.0192516
0.0198653
0.0185932
0.0186277
0.018814
0.0223512
0.0194118
0.0197989
0.0182613
0.0184885
0.0231378
0.0206703
0.0208326
0.0222104
0.0219922
0.0236989
0.0238149
0.0205615
0.0199879
0.0198436
0.0210755
0.0199767
0.0198512
0.0190623
0.0197071
0.0209992
0.0189611
0.0186609
0.0302655
0.0189172
0.0188206
0.018224
0.0185035
0.0188556
0.0191354
0.0186292
0.0185056
0.0185393
0.0194611
0.0192782
0.0189805
0.0288309
0.0205219
0.0416562
0.0178457
0.0189049
0.0189885
0.0188239
0.019026
0.0180725
0.0186538
0.022495
0.0195196
0.0183868
0.0182123
0.0185549
0.0183735
0.0179177
0.018443
0.0229669
0.0200012
0.0199989
