0.324173
0.331432
0.327557
0.331007
0.325591
0.328128
0.320162
0.322656
0.321304
0.321581
0.326174
0.316882
0.321967
0.311456
0.319807
0.311565
0.311498
0.312637
0.318543
0.31446
0.320408
0.320919
0.314624
0.314816
0.316391
0.313884
0.313471
0.31623
0.322414
0.313152
0.313501
0.311721
0.312101
0.319429
0.385639
0.329963
0.315277
0.319633
0.317551
0.315895
0.313199
0.317862
0.317433
0.31355
0.314623
0.314219
0.317944
0.314804
0.322134
0.316537
0.31678
0.31671
0.316844
0.320187
0.321882
0.31433
0.317219
0.312417
0.312249
0.314409
0.316769
0.317448
0.314934
0.313813
0.325003
0.320694
0.313796
0.314258
0.318642
0.312571
0.317299
0.31324
0.311795
0.328074
0.31731
0.312729
0.316723
0.31815
0.323098
0.315292
0.312139
0.313206
0.320581
0.313489
0.317739
0.315466
0.326114
0.318897
0.326168
0.317882
0.326149
0.31866
0.313265
0.31895
0.32088
0.319173
0.316846
0.327758
0.318942
0.316859
0.326938
