0.0859049
0.0860009
0.0851604
0.0865765
0.0835768
0.0817424
0.0834189
0.0825965
0.082898
0.0854348
0.0832324
0.0826555
0.0889301
0.0836829
0.0856611
0.0842723
0.0844345
0.0834074
0.0810623
0.0822478
0.085818
0.0813748
0.0829785
0.0825998
0.0819596
0.0823553
0.082608
0.084585
0.0850975
0.0855686
0.0865093
0.0841857
0.0833707
0.0835894
0.0858149
0.0862245
0.0847385
0.0841765
0.0843768
0.0845104
0.0850622
0.084191
0.0852396
0.0867526
0.0901069
0.0852574
0.0856333
0.0853231
0.0865827
0.0865612
0.088217
0.086959
0.0865295
0.0884102
0.0885934
0.0877944
0.0886698
0.087434
0.0880254
0.0876256
0.0864524
0.0879189
0.088764
0.0868226
0.0877865
0.0905203
0.0883941
0.0895831
0.0893131
0.0883777
0.0890313
0.0905287
0.0933168
0.0897242
0.0912415
0.0916449
0.0911056
0.0939162
0.0943712
0.092244
0.092787
0.0973398
0.0921919
0.096873
0.0953015
0.0928383
0.0944172
0.0953761
0.097803
0.097559
0.100249
0.0962925
0.0985132
0.0973385
0.0990017
0.0956293
0.0997879
0.100592
0.104312
0.102013
0.102055
