0.410078
0.417433
0.412718
0.417584
0.409168
0.409872
0.403581
0.405253
0.404203
0.407016
0.409407
0.399538
0.410897
0.395139
0.405468
0.395837
0.395932
0.396045
0.399606
0.396708
0.406226
0.402294
0.397603
0.397416
0.398351
0.396239
0.396079
0.400815
0.407512
0.398721
0.400011
0.395907
0.395472
0.403019
0.471455
0.416188
0.400016
0.40381
0.401928
0.400406
0.398262
0.402053
0.402673
0.400303
0.40473
0.399477
0.403578
0.400127
0.408717
0.403098
0.404997
0.403669
0.403374
0.408598
0.410476
0.402124
0.405889
0.399852
0.400275
0.402035
0.403222
0.405367
0.403698
0.400635
0.41279
0.411215
0.402191
0.403841
0.407955
0.400949
0.406331
0.403769
0.405113
0.417798
0.408551
0.404374
0.407828
0.412066
0.417469
0.407537
0.404926
0.410546
0.412773
0.410362
0.413041
0.408305
0.420532
0.414274
0.423971
0.415441
0.426398
0.414953
0.411779
0.416289
0.419883
0.414803
0.416634
0.428351
0.423254
0.418873
0.428993
