0.0291694
0.0275678
0.0341527
0.030769
0.0308541
0.0297637
0.0348819
0.0338717
0.0323401
0.0274469
0.0272367
0.0254235
0.0292468
0.0285225
0.0267857
0.0255073
0.0264122
0.0275343
0.0336617
0.030767
0.0272499
0.0264076
0.02758
0.0275813
0.0252183
0.0258578
0.0265453
0.025322
0.0298644
0.0264978
0.0267561
0.0264066
0.0257589
0.0258711
0.0249769
0.0255144
0.0312905
0.0313569
0.0338819
0.0335352
0.0319497
0.0329954
0.030811
0.0332166
0.030591
0.0257518
0.0259068
0.027974
0.0258593
0.0253011
0.0252334
0.0295312
0.0242827
0.0251414
0.0259774
0.0253213
0.0318853
0.0256511
0.0259648
0.0246716
0.0241825
0.0273302
0.0249534
0.0239419
0.0251608
0.0254436
0.0254556
0.0366113
0.0253803
0.0263994
0.0256388
0.0252186
0.023702
0.0236897
0.0253948
0.0245502
0.0242763
0.0253874
0.0350339
0.0299609
0.0325748
0.0323196
0.0255346
0.0298736
0.0314808
0.0241769
0.0253956
0.0251741
0.0253752
0.0237091
0.0308922
0.0246261
0.0253575
0.0264725
0.0237804
0.0237308
0.0277295
0.0240027
0.0244963
0.023622
0.0251864
