0.0499834
0.047839
0.0538854
0.0497391
0.0506844
0.0506898
0.0553931
0.0574638
0.0528581
0.0465406
0.0459029
0.0444564
0.0510426
0.0497087
0.0459068
0.045627
0.0475897
0.0479681
0.0594571
0.0491528
0.0459844
0.0686162
0.0463725
0.0460391
0.0453409
0.0457381
0.0531583
0.0443989
0.0523913
0.0450082
0.0461313
0.044903
0.0438514
0.0447142
0.0434227
0.0436638
0.0494072
0.0505738
0.0533653
0.0527871
0.0518152
0.0515888
0.0494389
0.0520308
0.0529424
0.0451636
0.045706
0.0462356
0.044348
0.0484389
0.0459037
0.050364
0.0464934
0.0471339
0.0496763
0.0491362
0.0524473
0.0456393
0.0458087
0.0457473
0.0441592
0.0471814
0.0440159
0.0436493
0.04616
0.044405
0.0441168
0.0668768
0.0442977
0.0452203
0.0438631
0.0437223
0.0425578
0.0428251
0.0440243
0.043056
0.0428156
0.0448485
0.0543124
0.0489417
0.0614063
0.0528418
0.067191
0.0477195
0.050386
0.0431654
0.0442195
0.0442004
0.0434479
0.0423629
0.0533875
0.0441459
0.0437446
0.044685
0.0423355
0.0421046
0.0456475
0.0424459
0.0474635
0.0436235
0.0451855
